1111 1111  1100 0
1111 1111  1111 1111  1011 000
1111 1111  1111 1111  1111 1110  0010
1111 1111  1111 1111  1111 1110  0011
1111 1111  1111 1111  1111 1110  0100
1111 1111  1111 1111  1111 1110  0101
1111 1111  1111 1111  1111 1110  0110
1111 1111  1111 1111  1111 1110  0111
1111 1111  1111 1111  1111 1110  1000
1111 1111  1111 1111  1110 1010
1111 1111  1111 1111  1111 1111  1111 00
1111 1111  1111 1111  1111 1110  1001
1111 1111  1111 1111  1111 1110  1010
1111 1111  1111 1111  1111 1111  1111 01
1111 1111  1111 1111  1111 1110  1011
1111 1111  1111 1111  1111 1110  1100
1111 1111  1111 1111  1111 1110  1101
1111 1111  1111 1111  1111 1110  1110
1111 1111  1111 1111  1111 1110  1111
1111 1111  1111 1111  1111 1111  0000
1111 1111  1111 1111  1111 1111  0001
1111 1111  1111 1111  1111 1111  0010
1111 1111  1111 1111  1111 1111  1111 10
1111 1111  1111 1111  1111 1111  0011
1111 1111  1111 1111  1111 1111  0100
1111 1111  1111 1111  1111 1111  0101
1111 1111  1111 1111  1111 1111  0110
1111 1111  1111 1111  1111 1111  0111
1111 1111  1111 1111  1111 1111  1000
1111 1111  1111 1111  1111 1111  1001
1111 1111  1111 1111  1111 1111  1010
1111 1111  1111 1111  1111 1111  1011
0101 00
1111 1110  00
1111 1110  01
1111 1111  1010
1111 1111  1100 1
0101 01
1111 1000
1111 1111  010
1111 1110  10
1111 1110  11
1111 1001
1111 1111  011
1111 1010
0101 10
0101 11
0110 00
0000 0
0000 1
0001 0
0110 01
0110 10
0110 11
0111 00
0111 01
0111 10
0111 11
1011 100
1111 1011
1111 1111  1111 100
1000 00
1111 1111  1011
1111 1111  00
1111 1111  1101 0
1000 01
1011 101
1011 110
1011 111
1100 000
1100 001
1100 010
1100 011
1100 100
1100 101
1100 110
1100 111
1101 000
1101 001
1101 010
1101 011
1101 100
1101 101
1101 110
1101 111
1110 000
1110 001
1110 010
1111 1100
1110 011
1111 1101
1111 1111  1101 1
1111 1111  1111 1110  000
1111 1111  1110 0
1111 1111  1111 00
1000 10
1111 1111  1111 101
0001 1
1000 11
0010 0
1001 00
0010 1
1001 01
1001 10
1001 11
0011 0
1110 100
1110 101
1010 00
1010 01
1010 10
0011 1
1010 11
1110 110
1011 00
0100 0
0100 1
1011 01
1110 111
1111 000
1111 001
1111 010
1111 011
1111 1111  1111 110
1111 1111  100
1111 1111  1111 01
1111 1111  1110 1
1111 1111  1111 1111  1111 1111  1100
1111 1111  1111 1110  0110
1111 1111  1111 1111  0100 10
1111 1111  1111 1110  0111
1111 1111  1111 1110  1000
1111 1111  1111 1111  0100 11
1111 1111  1111 1111  0101 00
1111 1111  1111 1111  0101 01
1111 1111  1111 1111  1011 001
1111 1111  1111 1111  0101 10
1111 1111  1111 1111  1011 010
1111 1111  1111 1111  1011 011
1111 1111  1111 1111  1011 100
1111 1111  1111 1111  1011 101
1111 1111  1111 1111  1011 110
1111 1111  1111 1111  1110 1011
1111 1111  1111 1111  1011 111
1111 1111  1111 1111  1110 1100
1111 1111  1111 1111  1110 1101
1111 1111  1111 1111  0101 11
1111 1111  1111 1111  1100 000
1111 1111  1111 1111  1110 1110
1111 1111  1111 1111  1100 001
1111 1111  1111 1111  1100 010
1111 1111  1111 1111  1100 011
1111 1111  1111 1111  1100 100
1111 1111  1111 1110  1110 0
1111 1111  1111 1111  0110 00
1111 1111  1111 1111  1100 101
1111 1111  1111 1111  0110 01
1111 1111  1111 1111  1100 110
1111 1111  1111 1111  1100 111
1111 1111  1111 1111  1110 1111
1111 1111  1111 1111  0110 10
1111 1111  1111 1110  1110 1
1111 1111  1111 1110  1001
1111 1111  1111 1111  0110 11
1111 1111  1111 1111  0111 00
1111 1111  1111 1111  1101 000
1111 1111  1111 1111  1101 001
1111 1111  1111 1110  1111 0
1111 1111  1111 1111  1101 010
1111 1111  1111 1111  0111 01
1111 1111  1111 1111  0111 10
1111 1111  1111 1111  1111 0000
1111 1111  1111 1110  1111 1
1111 1111  1111 1111  0111 11
1111 1111  1111 1111  1101 011
1111 1111  1111 1111  1101 100
1111 1111  1111 1111  0000 0
1111 1111  1111 1111  0000 1
1111 1111  1111 1111  1000 00
1111 1111  1111 1111  0001 0
1111 1111  1111 1111  1101 101
1111 1111  1111 1111  1000 01
1111 1111  1111 1111  1101 110
1111 1111  1111 1111  1101 111
1111 1111  1111 1110  1010
1111 1111  1111 1111  1000 10
1111 1111  1111 1111  1000 11
1111 1111  1111 1111  1001 00
1111 1111  1111 1111  1110 000
1111 1111  1111 1111  1001 01
1111 1111  1111 1111  1001 10
1111 1111  1111 1111  1110 001
1111 1111  1111 1111  1111 1000  00
1111 1111  1111 1111  1111 1000  01
1111 1111  1111 1110  1011
1111 1111  1111 1110  001
1111 1111  1111 1111  1001 11
1111 1111  1111 1111  1110 010
1111 1111  1111 1111  1010 00
1111 1111  1111 1111  1111 0110  0
1111 1111  1111 1111  1111 1000  10
1111 1111  1111 1111  1111 1000  11
1111 1111  1111 1111  1111 1001  00
1111 1111  1111 1111  1111 1011  110
1111 1111  1111 1111  1111 1011  111
1111 1111  1111 1111  1111 1001  01
1111 1111  1111 1111  1111 0001
1111 1111  1111 1111  1111 0110  1
1111 1111  1111 1110  010
1111 1111  1111 1111  0001 1
1111 1111  1111 1111  1111 1001  10
1111 1111  1111 1111  1111 1100  000
1111 1111  1111 1111  1111 1100  001
1111 1111  1111 1111  1111 1001  11
1111 1111  1111 1111  1111 1100  010
1111 1111  1111 1111  1111 0010
1111 1111  1111 1111  0010 0
1111 1111  1111 1111  0010 1
1111 1111  1111 1111  1111 1010  00
1111 1111  1111 1111  1111 1010  01
1111 1111  1111 1111  1111 1111  1101
1111 1111  1111 1111  1111 1100  011
1111 1111  1111 1111  1111 1100  100
1111 1111  1111 1111  1111 1100  101
1111 1111  1111 1110  1100
1111 1111  1111 1111  1111 0011
1111 1111  1111 1110  1101
1111 1111  1111 1111  0011 0
1111 1111  1111 1111  1010 01
1111 1111  1111 1111  0011 1
1111 1111  1111 1111  0100 0
1111 1111  1111 1111  1110 011
1111 1111  1111 1111  1010 10
1111 1111  1111 1111  1010 11
1111 1111  1111 1111  1111 0111  0
1111 1111  1111 1111  1111 0111  1
1111 1111  1111 1111  1111 0100
1111 1111  1111 1111  1111 0101
1111 1111  1111 1111  1111 1010  10
1111 1111  1111 1111  1110 100
1111 1111  1111 1111  1111 1010  11
1111 1111  1111 1111  1111 1100  110
1111 1111  1111 1111  1111 1011  00
1111 1111  1111 1111  1111 1011  01
1111 1111  1111 1111  1111 1100  111
1111 1111  1111 1111  1111 1101  000
1111 1111  1111 1111  1111 1101  001
1111 1111  1111 1111  1111 1101  010
1111 1111  1111 1111  1111 1101  011
1111 1111  1111 1111  1111 1111  1110
1111 1111  1111 1111  1111 1101  100
1111 1111  1111 1111  1111 1101  101
1111 1111  1111 1111  1111 1101  110
1111 1111  1111 1111  1111 1101  111
1111 1111  1111 1111  1111 1110  000
1111 1111  1111 1111  1111 1011  10
1111 1111  1111 1111  1111 1111  1111 11
